ok    stream-display-partial
ok    stream-display-eof
ok    stream-display-term
ok    stream-display-slow
      case stream-display-fast
      state differs
        1c1
        < final=9875 179876 179877 179878 179879 179880 179881 179882 179883 179884 179885 17988|6 179887 179888 179889 179890 179891 179892 179893 179894 179895 179896 179897 1|79898 179899 179900 179901 179902 179903 179904 179905 179906 179907 179908 1799|09 179910 179911 179912 179913 179914 179915 179916 179917 179918 179919 179920|179921 179922 179923 179924 179925 179926 179927 179928 179929 179930 179931 179|932 179933 179934 179935 179936 179937 179938 179939 179940 179941 179942 179943| 179944 179945 179946 179947 179948 179949 179950 179951 179952 179953 179954 17|9955 179956 179957 179958 179959 179960 179961 179962 179963 179964 179965 17996|6 179967 179968 179969 179970 179971 179972 179973 179974 179975 179976 179977 1|79978 179979 179980 179981 179982 179983 179984 179985 179986 179987 179988 1799|89 179990 179991 179992 179993 179994 179995 179996 179997 179998 179999 180000| cursor=80:10 history=1939
        ---
        > final=6 179727 179728 179729 179730 179731 179732 179733 179734 179735 179736 179737 1|79738 179739 179740 179741 179742 179743 179744 179745 179746 179747 179748 1797|49 179750 179751 179752 179753 179754 179755 179756 179757 179758 179759 179760|179761 179762 179763 179764 179765 179766 179767 179768 179769 179770 179771 179|772 179773 179774 179775 179776 179777 179778 179779 179780 179781 179782 179783| 179784 179785 179786 179787 179788 179789 179790 179791 179792 179793 179794 17|9795 179796 179797 179798 179799 179800 179801 179802 179803 179804 179805 17980|6 179807 179808 179809 179810 179811 179812 179813 179814 179815 179816 179817 1|79818 179819 179820 179821 179822 179823 179824 179825 179826 179827 179828 1798|29 179830 179831 179832 179833 179834 179835 179836 179837 179838 179839 179840|179841 179842 179843 179844 179845 179846 179847 179848 179849 179850 179851 179|852 179853 179854 179855 179856 179857 179858 179859 179860 179861 179862 179863| 179864 179865 179866 179867 179868 179869 179870 179871 179872 179873 179874 17|9875 179876 179877 179878 179879 179880 179881 179882 179883 179884 179885 17988|6 179887 179888 179889 179890 179891 179892 179893 179894 179895 179896 179897 1|79898 179899 179900 179901 179902 179903 179904 179905 179906 179907 179908 1799|09 179910 179911 179912 179913 179914 179915 179916 179917 179918 179919 179920|179921 179922 179923 179924 179925 179926 179927 179928 179929 179930 179931 179|932 179933 179934 179935 179936 179937 179938 179939 179940 179941 179942 179943| 179944 179945 179946 179947 179948 179949 179950 179951 179952 179953 179954 17|9955 179956 179957 179958 179959 179960 179961 179962 179963 179964 179965 17996|6 179967 179968 179969 179970 179971 179972 179973 179974 179975 179976 179977 1|79978 179979 179980 179981 179982 179983 179984 179985 179986 179987 179988 1799|89 179990 179991 179992 179993 179994 179995 179996 179997 179998 179999 180000| cursor=80:23 history=672
DIFF  stream-display-fast
ok    stream-display-utf8
ok    stream-split-partial
ok    stream-split-term
ok    stream-split-utf8
matrix: 9 asserted, 1 failures, 0 recorded:TUI-018, 0 decided:TUI-018, 0 self-check failures
DONE 1
